- name: Home
  latitude: 59.197543
  longitude: 17.790621
  radius: 60